%YAML:1.0
---
R: !!opencv-matrix
   rows: 3
   cols: 3
   dt: d
   data: [ 9.9992521885235264e-01, 5.9908413109485579e-03,
       1.0661450345136384e-02, -6.4316430856091967e-03,
       9.9910516729149379e-01, 4.1803093888557200e-02,
       -1.0401474428854401e-02, -4.1868538448615863e-02,
       9.9906898401355781e-01 ]
T: !!opencv-matrix
   rows: 3
   cols: 1
   dt: d
   data: [ -1.8766061898221946e+00, 2.8291143268563652e-02,
       2.9006693836106035e-02 ]
R1: !!opencv-matrix
   rows: 3
   cols: 3
   dt: d
   data: [ 9.9994989707454396e-01, -8.4222390502668252e-03,
       -5.4101044341883040e-03, 8.5339852102850073e-03,
       9.9974357216917631e-01, 2.0975247384608396e-02,
       5.2320585852320481e-03, -2.1020366214579721e-02,
       9.9976535735499739e-01 ]
R2: !!opencv-matrix
   rows: 3
   cols: 3
   dt: d
   data: [ 9.9976698381623075e-01, -1.5072182500370322e-02,
       -1.5453393985528903e-02, 1.4746278680051452e-02,
       9.9967091160946453e-01, -2.0990849125089892e-02,
       1.5764686361824976e-02, 2.0758077863269456e-02,
       9.9966023071208343e-01 ]
P1: !!opencv-matrix
   rows: 3
   cols: 4
   dt: d
   data: [ 5.3265267147226848e+02, 0., 3.1137437057495117e+02, 0., 0.,
       5.3265267147226848e+02, 2.4950798988342285e+02, 0., 0., 0., 1.,
       0. ]
P2: !!opencv-matrix
   rows: 3
   cols: 4
   dt: d
   data: [ 5.3265267147226848e+02, 0., 3.1137437057495117e+02,
       -9.9981227275046865e+02, 0., 5.3265267147226848e+02,
       2.4950798988342285e+02, 0., 0., 0., 1., 0. ]
Q: !!opencv-matrix
   rows: 4
   cols: 4
   dt: d
   data: [ 1., 0., 0., -3.1137437057495117e+02, 0., 1., 0.,
       -2.4950798988342285e+02, 0., 0., 0., 5.3265267147226848e+02, 0.,
       0., 5.3275268366825390e-01, 0. ]
