%YAML:1.0
---
R: !!opencv-matrix
   rows: 3
   cols: 3
   dt: d
   data: [ 9.9912384640842788e-01, -2.3029248483576845e-03,
       -4.1787989604324907e-02, 1.1508495971018278e-03,
       9.9961913915916301e-01, -2.7572670742944085e-02,
       4.1835571984056824e-02, 2.7500421157443587e-02,
       9.9874596958031836e-01 ]
T: !!opencv-matrix
   rows: 3
   cols: 1
   dt: d
   data: [ -2.0949260203093654e+00, 2.5080818271780290e-02,
       -1.9000408275163857e-02 ]
R1: !!opencv-matrix
   rows: 3
   cols: 3
   dt: d
   data: [ 9.9937678567977595e-01, -1.4019536256048688e-02,
       -3.2395877014279789e-02, 1.3570182218456975e-02,
       9.9980921672856171e-01, -1.4049209912937396e-02,
       3.2586659830625163e-02, 1.3600836289921321e-02,
       9.9937636896881743e-01 ]
R2: !!opencv-matrix
   rows: 3
   cols: 3
   dt: d
   data: [ 9.9988722262997087e-01, -1.1970823542186032e-02,
       9.0687047059941350e-03, 1.1842895403537673e-02,
       9.9983142002746850e-01, 1.4031299095830526e-02,
       -9.2351421095477268e-03, -1.3922316961541753e-02,
       9.9986043088054988e-01 ]
P1: !!opencv-matrix
   rows: 3
   cols: 4
   dt: d
   data: [ 5.6199519055360599e+02, 0., 3.2902279663085938e+02, 0., 0.,
       5.6199519055360599e+02, 2.4560256767272949e+02, 0., 0., 0., 1.,
       0. ]
P2: !!opencv-matrix
   rows: 3
   cols: 4
   dt: d
   data: [ 5.6199519055360599e+02, 0., 3.2902279663085938e+02,
       -1.1774711400779320e+03, 0., 5.6199519055360599e+02,
       2.4560256767272949e+02, 0., 0., 0., 1., 0. ]
Q: !!opencv-matrix
   rows: 4
   cols: 4
   dt: d
   data: [ 1., 0., 0., -3.2902279663085938e+02, 0., 1., 0.,
       -2.4560256767272949e+02, 0., 0., 0., 5.6199519055360599e+02, 0.,
       0., 4.7728999159708480e-01, 0. ]
