%YAML:1.0
---
M1: !!opencv-matrix
   rows: 3
   cols: 3
   dt: d
   data: [ 6.6422937181480393e+02, 0., 3.2031461855933702e+02, 0.,
       6.9396399274545422e+02, 2.4064917072921358e+02, 0., 0., 1. ]
D1: !!opencv-matrix
   rows: 1
   cols: 14
   dt: d
   data: [ 2.2878590049160842e-03, -3.2673275029631255e-01, 0., 0., 0.,
       0., 0., 6.0992262726409452e-01, 0., 0., 0., 0., 0., 0. ]
M2: !!opencv-matrix
   rows: 3
   cols: 3
   dt: d
   data: [ 6.6422937181480393e+02, 0., 3.1631876625735612e+02, 0.,
       6.9396399274545422e+02, 2.4999534755881587e+02, 0., 0., 1. ]
D2: !!opencv-matrix
   rows: 1
   cols: 14
   dt: d
   data: [ 7.1781403674049990e-02, -1.0760206086861430e+00, 0., 0., 0.,
       0., 0., -2.0669853532773534e+00, 0., 0., 0., 0., 0., 0. ]
