%YAML:1.0
---
M1: !!opencv-matrix
   rows: 3
   cols: 3
   dt: d
   data: [ 6.0195866640530232e+02, 0., 2.9266635223370014e+02, 0.,
       6.1384901618573383e+02, 2.5456871536704517e+02, 0., 0., 1. ]
D1: !!opencv-matrix
   rows: 1
   cols: 14
   dt: d
   data: [ 1.2484031636352051e-02, -4.1474744374550010e-01, 0., 0., 0.,
       0., 0., -6.8313685116898071e-01, 0., 0., 0., 0., 0., 0. ]
M2: !!opencv-matrix
   rows: 3
   cols: 3
   dt: d
   data: [ 6.0195866640530232e+02, 0., 3.1566395076434100e+02, 0.,
       6.1384901618573383e+02, 2.4346076086963294e+02, 0., 0., 1. ]
D2: !!opencv-matrix
   rows: 1
   cols: 14
   dt: d
   data: [ 3.9884798757043108e-02, -3.5546027266604574e-01, 0., 0., 0.,
       0., 0., 2.2874293447173052e-02, 0., 0., 0., 0., 0., 0. ]
